# Created by Octave 3.4.0, Tue Sep 24 08:02:31 2013 PHT <juliam@Julia-Menchavezs-MacBook-Pro.local>
# name: best_mse
# type: scalar
5.259489359501587


# name: num_of_epochs
# type: scalar
300


# name: training_set_size
# type: scalar
464


# name: tset_performance
# type: scalar
97.62931034482759


# name: val_set_size
# type: scalar
232


# name: vset_performance
# type: scalar
98.27586206896551


# name: vset_outputs
# type: matrix
# rows: 232
# columns: 13
 1 0.4 0.7 0.8 0.3 0.4 1 0.9 0.1 0.1 0 0.04600742765819746 1
 1 0.3 0.2 0.1 0.2 0.2 0.1 0.3 0.1 0.1 1 0.9999999925363622 1
 1 0.1 0.1 0.1 0.1 0.2 0.1 0.3 0.1 0.1 1 0.9999999995765836 1
 1 0.3 0.1 0.1 0.1 0.2 0.1 0.3 0.1 0.1 1 0.9999999986067485 1
 1 0.1 0.1 0.1 0.1 0.2 0.1 0.3 0.2 0.1 1 0.9999999995770059 1
 1 0.1 0.1 0.1 0.1 0.2 0.1 0.2 0.1 0.1 1 0.9999999995776525 1
 1 0.2 0.1 0.1 0.1 0.2 0.1 0.2 0.1 0.1 1 0.9999999994717643 1
 1 0.4 0.2 0.1 0.1 0.2 0.1 0.2 0.1 0.1 1 0.9999999606917984 1
 1 0.5 0.2 0.2 0.2 0.2 0.2 0.3 0.2 0.2 1 0.9999239373915819 1
 1 0.4 0.1 0.1 0.2 0.2 0.1 0.1 0.1 0.1 1 0.9999999708884122 1
 1 0.5 0.3 0.4 0.3 0.4 0.5 0.4 0.7 0.1 1 0.04808795156137513 0
 1 0.4 0.1 0.1 0.2 0.2 0.1 0.2 0.1 0.1 1 0.999999969268344 1
 1 0.3 0.1 0.2 0.1 0.2 0.1 0.3 0.1 0.1 1 0.9999999985816266 1
 1 0.7 0.3 0.2 1 0.5 1 0.5 0.4 0.4 0 0.04599531186728869 1
 1 0.4 0.1 0.1 0.1 0.2 0.1 0.3 0.2 0.1 1 0.9999999862776905 1
 1 0.1 0.1 0.1 0.1 0.1 0.1 0.1 0.1 0.1 1 0.9999999995613726 1
 1 0.7 0.5 0.3 0.7 0.4 1 0.7 0.5 0.5 0 0.04599251170653483 1
 1 0.1 0.1 0.1 0.1 0.2 0.1 0.1 0.1 0.1 1 0.999999999578669 1
 1 0.8 0.7 0.5 1 0.7 0.9 0.5 0.5 0.4 0 0.04599247212945646 1
 1 0.5 0.1 0.2 0.1 0.2 0.1 0.3 0.1 0.1 1 0.9999998760796298 1
 1 0.3 0.1 0.1 0.1 0.1 0.1 0.2 0.1 0.1 1 0.9999999974674858 1
 1 0.3 0.1 0.1 0.1 0.2 0.1 0.2 0.1 0.1 1 0.9999999986655137 1
 1 0.5 0.3 0.3 0.4 0.2 0.4 0.3 0.4 0.1 0 0.1498685018479012 1
 1 1 0.6 0.6 0.3 0.4 0.5 0.3 0.6 0.1 0 0.04599256033779268 1
 1 0.2 0.1 0.1 0.1 0.2 0.1 0.3 0.1 0.1 1 0.999999999465444 1
 1 0.1 0.1 0.1 0.1 0.1 0.1 0.3 0.1 0.1 1 0.9999999995575963 1
 1 0.5 1 1 0.5 0.4 0.5 0.4 0.4 0.1 0 0.04599526475711384 1
 1 0.4 0.1 0.1 0.1 0.2 0.1 0.3 0.1 0.1 1 0.9999999859432642 1
 1 0.4 0.1 0.1 0.1 0.2 0.1 0.1 0.2 0.1 1 0.9999999879521614 1
 1 0.4 0.1 0.1 0.1 0.2 0.1 0.1 0.1 0.1 1 0.9999999877155027 1
 1 0.3 0.1 0.1 0.1 0.2 0.1 0.2 0.1 0.1 1 0.9999999986655137 1
 1 0.6 0.1 0.1 0.1 0.2 0.1 0.3 0.1 0.1 1 0.9999996769653245 1
 1 0.8 0.4 0.7 0.1 0.3 1 0.3 0.9 0.2 0 0.04599255268182739 1
 1 0.8 1 1 1 0.7 0.5 0.4 0.8 0.7 0 0.04599247184258652 1
 1 1 0.6 0.4 0.3 1 1 0.9 1 0.1 0 0.04599249374250628 1
 1 1 0.8 0.7 0.4 0.3 1 0.7 0.9 0.1 0 0.04599247184755705 1
 1 1 0.8 1 0.1 0.3 1 0.5 0.1 0.1 0 0.04599247269506036 1
 1 0.8 0.7 0.6 0.4 0.4 1 0.5 0.1 0.1 0 0.04599252552730337 1
 1 0.8 0.2 0.3 0.1 0.6 0.3 0.7 0.1 0.1 0 0.1639443223806537 1
 1 0.1 0.1 0.1 0.1 0.2 0.1 0.1 0.1 0.1 1 0.999999999578669 1
 1 0.5 0.1 0.1 0.1 0.2 0.1 0.1 0.1 0.1 1 0.9999998878165773 1
 1 0.1 0.1 0.1 0.1 0.1 0.1 0.2 0.1 0.1 1 0.9999999995595319 1
 1 0.4 0.1 0.1 0.1 0.2 0.1 0.1 0.1 0.1 1 0.9999999877155027 1
 1 0.5 0.1 0.3 0.3 0.2 0.2 0.2 0.3 0.1 1 0.9999585448659635 1
 1 1 1 1 1 0.7 1 0.7 1 0.4 0 0.04599247176787843 1
 1 0.4 0.1 0.2 0.1 0.2 0.1 0.2 0.1 0.1 1 0.9999999863487419 1
 1 0.1 0.5 0.8 0.6 0.5 0.8 0.7 1 0.1 0 0.05118080250447671 1
 1 0.4 0.1 0.1 0.1 0.1 0.1 0.2 0.1 0.1 1 0.9999999687626225 1
 1 0.1 0.1 0.1 0.1 0.2 0.1 0.1 0.1 0.1 1 0.999999999578669 1
 1 0.5 0.5 0.7 0.8 0.6 1 0.7 0.4 0.1 0 0.0459935526169019 1
 1 0.1 0.1 0.1 0.1 0.1 0.1 0.2 0.1 0.1 1 0.9999999995595319 1
 1 0.4 0.1 0.1 0.1 0.2 0.1 0.3 0.1 0.1 1 0.9999999859432642 1
 1 0.4 0.1 0.1 0.1 0.2 0.1 0.3 0.1 0.1 1 0.9999999859432642 1
 1 0.1 0.1 0.1 0.1 0.2 0.5 0.1 0.1 0.1 1 0.9999999990758364 1
 1 1 0.9 0.7 0.3 0.4 0.2 0.7 0.7 0.1 0 0.04599267980424619 1
 1 0.2 0.1 0.1 0.1 0.2 0.1 0.3 0.1 0.1 1 0.999999999465444 1
 1 0.5 0.8 0.9 0.4 0.3 1 0.7 0.1 0.1 0 0.04599283628192991 1
 1 0.1 0.1 0.1 0.3 0.2 0.3 0.1 0.1 0.1 1 0.9999999992688469 1
 1 0.4 0.1 0.1 0.1 0.2 0.1 0.1 0.1 0.1 1 0.9999999877155027 1
 1 0.4 0.2 0.1 0.1 0.2 0.1 0.1 0.1 0.1 1 0.9999999626776949 1
 1 0.5 0.4 0.3 0.1 0.2 0.35 0.2 0.3 0.1 1 0.3313101999697695 0
 1 0.4 0.1 0.1 0.1 0.2 0.3 0.2 0.1 0.1 1 0.9999998931606905 1
 1 0.1 0.1 0.1 0.1 0.2 0.1 0.3 0.1 0.1 1 0.9999999995765836 1
 1 1 0.6 0.3 0.6 0.4 1 0.7 0.8 0.4 0 0.04599247237723653 1
 1 0.5 0.2 0.2 0.2 0.1 0.1 0.2 0.1 0.1 1 0.9999995040296765 1
 1 0.3 0.1 0.4 0.1 0.2 0.35 0.3 0.1 0.1 1 0.9999999610912231 1
 1 0.5 1 1 0.6 1 1 1 0.6 0.5 0 0.04599251079746051 1
 1 0.4 0.1 0.1 0.1 0.2 0.1 0.2 0.1 0.1 1 0.9999999868630238 1
 1 0.1 0.1 0.3 0.1 0.2 0.1 0.2 0.1 0.1 1 0.9999999995745288 1
 1 0.1 0.1 0.1 0.2 0.1 0.3 0.1 0.1 0.7 1 0.9998860082080464 1
 1 0.5 0.1 0.1 0.1 0.2 0.1 0.2 0.2 0.1 1 0.9999998810332437 1
 1 0.3 0.1 0.1 0.1 0.2 0.1 0.2 0.1 0.1 1 0.9999999986655137 1
 1 0.3 0.1 0.1 0.1 0.3 0.1 0.2 0.1 0.1 1 0.9999999991512429 1
 1 1 0.2 0.2 0.1 0.2 0.6 0.1 0.1 0.2 0 0.05317682244284554 1
 1 0.5 1 1 1 1 1 1 0.1 0.1 0 0.04599255142359481 1
 1 0.5 0.1 0.1 0.3 0.2 0.1 0.1 0.1 0.1 1 0.9999996436886545 1
 1 0.4 0.1 0.1 0.1 0.2 0.1 0.2 0.1 0.1 1 0.9999999868630238 1
 1 0.5 0.1 0.1 0.3 0.4 0.1 0.3 0.2 0.1 1 0.9999998312389261 1
 1 0.7 0.6 0.4 0.8 1 1 0.9 0.5 0.3 0 0.04599251383527238 1
 1 0.2 0.1 0.1 0.1 0.2 0.1 0.2 0.1 0.1 1 0.9999999994717643 1
 1 0.5 0.2 0.3 0.4 0.2 0.7 0.3 0.6 0.1 0 0.05508545026074199 1
 1 0.9 1 1 0.1 1 0.8 0.3 0.3 0.1 0 0.04599256327006099 1
 1 0.4 0.1 0.2 0.1 0.2 0.1 0.2 0.1 0.1 1 0.9999999863487419 1
 1 0.6 0.5 0.5 0.8 0.4 1 0.3 0.4 0.1 0 0.04599337541550122 1
 1 1 0.4 0.4 0.6 0.2 1 0.2 0.3 0.1 0 0.04599533919468932 1
 1 0.1 0.1 0.1 0.1 0.2 0.1 0.3 0.1 0.1 1 0.9999999995765836 1
 1 1 0.8 0.8 0.2 0.3 0.4 0.8 0.7 0.8 0 0.04599247184485622 1
 1 1 0.4 0.4 1 0.6 1 0.5 0.5 0.1 0 0.04599251041135254 1
 1 0.8 0.6 0.4 0.3 0.5 0.9 0.3 0.1 0.1 0 0.04599462084928291 1
 1 0.7 0.6 0.6 0.3 0.2 1 0.7 0.1 0.1 0 0.04599405492265844 1
 1 0.2 0.1 0.2 0.1 0.2 0.1 0.3 0.1 0.1 1 0.9999999994623665 1
 1 0.3 0.1 0.1 0.1 0.2 0.1 0.1 0.1 0.1 1 0.999999998720031 1
 1 0.2 0.1 0.1 0.1 0.2 0.1 0.3 0.1 0.1 1 0.999999999465444 1
 1 0.9 0.9 1 0.3 0.6 1 0.7 1 0.6 0 0.04599247180585537 1
 1 0.3 0.1 0.1 0.1 0.2 0.1 0.3 0.2 0.1 1 0.9999999986336416 1
 1 0.1 0.1 0.1 0.1 0.2 0.1 0.3 0.1 0.1 1 0.9999999995765836 1
 1 0.5 1 1 1 0.5 0.2 0.8 0.5 0.1 0 0.04599476405963637 1
 1 1 1 1 0.8 0.6 0.1 0.8 0.9 0.1 0 0.04599247855111368 1
 1 0.3 0.1 0.1 0.1 0.3 0.1 0.2 0.1 0.1 1 0.9999999991512429 1
 1 0.5 0.8 0.8 1 0.5 1 0.8 1 0.3 0 0.04599247807627792 1
 1 0.1 0.1 0.3 0.1 0.2 0.1 0.1 0.1 0.1 1 0.9999999995754263 1
 1 0.4 0.1 0.1 0.1 0.2 0.1 0.3 0.2 0.1 1 0.9999999862776905 1
 1 0.6 1 0.7 0.7 0.6 0.4 0.8 1 0.2 0 0.04599285877387678 1
 1 0.3 0.1 0.1 0.1 0.1 0.1 0.2 0.1 0.1 1 0.9999999974674858 1
 1 1 1 1 0.7 0.9 1 0.7 1 1 0 0.04599247176729351 1
 1 0.5 0.3 0.2 0.8 0.5 1 0.8 0.1 0.2 0 0.04757022033872494 1
 1 1 1 0.6 0.3 0.3 1 0.4 0.3 0.2 0 0.04599247185032893 1
 1 0.3 0.1 0.1 0.1 0.2 0.1 0.1 0.1 0.1 1 0.999999998720031 1
 1 0.9 0.4 0.5 1 0.6 1 0.4 0.8 0.1 0 0.04599247623567836 1
 1 0.1 0.1 0.1 0.1 0.1 0.35 0.2 0.1 0.1 1 0.9999999993132465 1
 1 0.4 0.1 0.1 0.1 0.2 0.1 0.1 0.1 0.1 1 0.9999999877155027 1
 1 0.8 0.3 0.3 0.1 0.2 0.2 0.3 0.2 0.1 1 0.1844955275963026 0
 1 0.8 0.4 0.4 0.1 0.6 1 0.2 0.5 0.2 0 0.04599304217189952 1
 1 0.1 0.1 0.1 0.1 0.2 0.1 0.2 0.1 0.1 1 0.9999999995776525 1
 1 0.3 0.1 0.1 0.1 0.1 0.1 0.2 0.1 0.1 1 0.9999999974674858 1
 1 0.2 0.3 0.4 0.4 0.2 0.5 0.2 0.5 0.1 0 0.3272168756026634 1
 1 0.3 0.2 0.1 0.1 0.1 0.1 0.2 0.1 0.1 1 0.9999999927750365 1
 1 0.3 0.3 0.6 0.4 0.5 0.8 0.4 0.4 0.1 0 0.04912829162299788 1
 1 0.1 0.1 0.1 0.1 0.2 0.35 0.2 0.1 0.1 1 0.9999999994480897 1
 1 0.5 0.2 0.1 0.1 0.2 0.1 0.1 0.1 0.1 1 0.9999997959581729 1
 1 0.1 0.1 0.1 0.1 0.2 0.1 0.1 0.1 0.1 1 0.999999999578669 1
 1 0.1 0.1 0.1 0.1 0.2 0.1 0.1 0.1 0.1 1 0.999999999578669 1
 1 0.3 0.1 0.3 0.1 0.2 0.35 0.2 0.1 0.1 1 0.9999999776735289 1
 1 1 1 1 1 0.5 1 1 1 0.7 0 0.04599247176718266 1
 1 0.5 0.1 0.2 0.1 0.2 0.1 0.3 0.1 0.1 1 0.9999998760796298 1
 1 0.3 0.1 0.1 0.1 0.2 0.1 0.2 0.1 0.1 1 0.9999999986655137 1
 1 0.4 0.1 0.1 0.1 0.1 0.1 0.2 0.1 0.1 1 0.9999999687626225 1
 1 0.3 0.1 0.1 0.1 0.2 0.1 0.2 0.1 0.1 1 0.9999999986655137 1
 1 0.4 0.1 0.3 0.1 0.2 0.1 0.2 0.1 0.1 1 0.9999999850703574 1
 1 1 1 1 0.3 1 0.8 0.8 0.1 0.1 0 0.04599247861006973 1
 1 0.4 0.1 0.1 0.3 0.1 0.1 0.2 0.1 0.1 1 0.9999998810513829 1
 1 0.3 0.1 0.1 0.1 0.2 0.1 0.3 0.1 0.1 1 0.9999999986067485 1
 1 0.5 0.1 0.1 0.1 0.1 0.1 0.1 0.1 0.1 1 0.9999998304355192 1
 1 0.1 0.1 0.1 0.1 0.2 0.1 0.3 0.1 0.1 1 0.9999999995765836 1
 1 0.5 0.2 0.4 0.1 0.1 0.1 0.1 0.1 0.1 1 0.9999988998897374 1
 1 0.2 0.3 0.2 0.2 0.2 0.2 0.3 0.1 0.1 1 0.9999999942677555 1
 1 0.5 1 1 0.3 0.7 0.3 0.8 1 0.2 0 0.04604964890897526 1
 1 0.8 0.4 0.5 0.1 0.2 0.35 0.7 0.3 0.1 0 0.04710058917864971 1
 1 0.9 1 1 1 1 1 1 1 0.1 0 0.04599247191625722 1
 1 0.4 0.4 0.2 0.1 0.2 0.5 0.2 0.1 0.2 1 0.8394233021739159 1
 1 0.7 0.2 0.4 0.1 0.3 0.4 0.3 0.3 0.1 0 0.06205209504677123 1
 1 0.4 0.1 0.1 0.2 0.2 0.1 0.2 0.1 0.1 1 0.999999969268344 1
 1 0.8 0.6 0.4 1 1 0.1 0.3 0.5 0.1 0 0.04600379443038483 1
 1 0.5 0.1 0.1 0.1 0.2 0.1 0.1 0.1 0.1 1 0.9999998878165773 1
 1 0.7 0.4 0.5 1 0.2 1 0.3 0.8 0.2 0 0.04599256296058741 1
 1 0.5 0.2 0.2 0.4 0.2 0.4 0.1 0.1 0.1 1 0.9983676483549757 1
 1 0.3 0.2 0.2 0.3 0.2 0.3 0.3 0.1 0.1 1 0.9999998090798365 1
 1 0.5 0.1 0.1 0.1 0.2 0.1 0.3 0.1 0.1 1 0.9999998839298306 1
 1 0.6 0.1 0.3 0.1 0.2 0.1 0.3 0.1 0.1 1 0.9999993869503955 1
 1 0.3 0.1 0.1 0.1 0.2 0.1 0.3 0.1 0.1 1 0.9999999986067485 1
 1 1 0.4 0.5 0.5 0.5 1 0.4 0.1 0.1 0 0.0459927774831134 1
 1 0.5 0.1 0.1 0.3 0.2 0.1 0.1 0.1 0.1 1 0.9999996436886545 1
 1 0.6 0.1 0.1 0.1 0.2 0.1 0.3 0.1 0.1 1 0.9999996769653245 1
 1 0.4 0.1 0.1 0.3 0.2 0.1 0.1 0.1 0.1 1 0.9999999354039144 1
 1 0.3 0.1 0.1 0.1 0.2 0.1 0.2 0.1 0.1 1 0.9999999986655137 1
 1 0.5 1 1 0.8 0.5 0.5 0.7 1 0.1 0 0.04599313884946664 1
 1 1 0.6 0.5 0.8 0.5 1 0.8 0.6 0.1 0 0.0459924735668993 1
 1 0.2 0.1 0.1 0.1 0.3 0.1 0.2 0.1 0.1 1 0.9999999995295088 1
 1 0.4 0.1 0.1 0.1 0.2 0.1 0.3 0.1 0.1 1 0.9999999859432642 1
 1 0.1 0.1 0.2 0.1 0.2 0.1 0.2 0.1 0.1 1 0.9999999995768973 1
 1 0.1 0.3 0.1 0.1 0.2 0.1 0.2 0.2 0.1 1 0.9999999994992419 1
 1 0.2 0.2 0.2 0.1 0.1 0.1 0.7 0.1 0.1 1 0.9999999988202677 1
 1 0.9 0.8 0.8 0.9 0.6 0.3 0.4 0.1 0.1 0 0.04599251587792024 1
 1 0.5 0.1 0.4 0.1 0.2 0.1 0.3 0.2 0.1 1 0.9999994720005844 1
 1 0.1 0.1 0.1 0.1 0.1 0.1 0.3 0.1 0.1 1 0.9999999995575963 1
 1 0.5 0.1 0.1 0.1 0.2 0.1 0.1 0.1 0.1 1 0.9999998878165773 1
 1 1 1 0.7 0.8 0.7 0.1 1 1 0.3 0 0.04599247416954915 1
 1 0.2 0.1 0.1 0.2 0.2 0.1 0.3 0.1 0.1 1 0.9999999993546387 1
 1 0.1 0.2 0.1 0.3 0.2 0.1 0.1 0.2 0.1 1 0.9999999994592048 1
 1 0.5 0.3 0.6 0.1 0.2 0.1 0.1 0.1 0.1 1 0.990831453438155 1
 1 0.1 0.1 0.1 0.1 0.1 0.1 0.3 0.1 0.1 1 0.9999999995575963 1
 1 0.2 0.1 0.1 0.1 0.2 0.1 0.1 0.1 0.1 1 0.9999999994777395 1
 1 0.3 0.1 0.1 0.3 0.1 0.1 0.3 0.1 0.1 1 0.9999999860692697 1
 1 0.5 1 1 0.9 0.6 1 0.7 1 0.5 0 0.04599247286090754 1
 1 0.1 0.1 0.1 0.1 0.2 0.1 0.3 0.1 0.1 1 0.9999999995765836 1
 1 0.1 0.1 0.1 0.1 0.2 0.1 0.2 0.1 0.1 1 0.9999999995776525 1
 1 0.5 0.6 0.6 0.2 0.4 1 0.3 0.6 0.1 0 0.04599808058275027 1
 1 0.3 0.1 0.2 0.2 0.2 0.1 0.1 0.1 0.1 1 0.9999999976215104 1
 1 0.9 0.6 0.9 0.2 1 0.6 0.2 0.9 1 0 0.04599247727408486 1
 1 0.5 0.7 1 0.6 0.5 1 0.7 0.5 0.1 0 0.04599289157626561 1
 1 0.6 1 1 0.2 0.8 1 0.7 0.3 0.3 0 0.04599257151266164 1
 1 0.9 1 1 1 1 0.5 1 1 1 0 0.04599247177433056 1
 1 0.6 0.5 0.4 0.4 0.3 0.9 0.7 0.8 0.3 0 0.04599282232566287 1
 1 1 1 1 0.8 0.2 1 0.4 0.1 0.1 0 0.04599247177109013 1
 1 0.1 0.2 0.3 0.1 0.2 0.1 0.2 0.1 0.1 1 0.999999999543576 1
 1 0.9 0.5 0.5 0.4 0.4 0.5 0.4 0.3 0.3 0 0.04599286374476525 1
 1 0.1 0.1 0.1 0.1 0.2 0.1 0.3 0.1 0.1 1 0.9999999995765836 1
 1 0.3 0.1 0.1 0.2 0.2 0.1 0.1 0.1 0.1 1 0.9999999976798761 1
 1 0.5 0.1 0.1 0.3 0.2 0.1 0.1 0.1 0.1 1 0.9999996436886545 1
 1 0.4 0.1 0.2 0.1 0.2 0.1 0.1 0.1 0.1 1 0.9999999872070796 1
 1 0.8 1 1 1 0.6 1 1 1 0.1 0 0.04599247184864897 1
 1 0.4 0.2 0.1 0.1 0.2 0.2 0.3 0.1 0.1 1 0.9999998993118008 1
 1 0.2 0.1 0.1 0.1 0.2 0.1 0.2 0.1 0.1 1 0.9999999994717643 1
 1 0.7 0.3 0.4 0.4 0.3 0.3 0.3 0.2 0.7 0 0.04599870223604122 1
 1 0.1 0.1 0.1 0.1 0.2 0.1 0.3 0.1 0.1 1 0.9999999995765836 1
 1 0.6 0.1 0.1 0.3 0.2 0.1 0.1 0.1 0.1 1 0.9999972340164501 1
 1 0.3 0.1 0.1 0.1 0.2 0.1 0.2 0.1 0.1 1 0.9999999986655137 1
 1 0.7 0.8 0.7 0.6 0.4 0.3 0.8 0.8 0.4 0 0.045992558671587 1
 1 0.8 0.7 0.8 0.2 0.4 0.2 0.5 1 0.1 0 0.04600312051540531 1
 1 0.1 0.1 0.1 0.1 0.2 0.1 0.3 0.1 0.1 1 0.9999999995765836 1
 1 0.5 0.1 0.1 0.1 0.2 0.1 0.3 0.1 0.1 1 0.9999998839298306 1
 1 0.5 0.1 0.1 0.1 0.2 0.1 0.1 0.1 0.1 1 0.9999998878165773 1
 1 0.6 1 1 1 0.4 1 0.7 1 0.1 0 0.04599247254445449 1
 1 1 0.4 0.3 1 0.4 1 1 0.1 0.1 0 0.04600371228066082 1
 1 0.4 0.1 0.1 0.1 0.2 0.1 0.1 0.1 0.1 1 0.9999999877155027 1
 1 0.4 0.6 0.6 0.5 0.7 0.6 0.7 0.7 0.3 0 0.04608695350109802 1
 1 0.3 0.1 0.1 0.2 0.2 0.1 0.1 0.1 0.1 1 0.9999999976798761 1
 1 0.1 0.2 0.2 0.1 0.2 0.1 0.1 0.1 0.1 1 0.9999999995524447 1
 1 0.5 0.8 0.4 1 0.5 0.8 0.9 1 0.1 0 0.04599260109541487 1
 1 0.5 0.4 0.6 1 0.2 1 0.4 0.1 0.1 0 0.04602295800977838 1
 1 0.8 0.7 0.8 0.5 0.5 1 0.9 1 0.1 0 0.04599247750068148 1
 1 0.3 0.1 0.1 0.1 0.2 0.5 0.5 0.1 0.1 1 0.9999998952967603 1
 1 0.3 0.1 0.2 0.1 0.2 0.1 0.2 0.1 0.1 1 0.9999999986411021 1
 1 0.1 0.1 0.1 0.1 0.2 0.1 0.1 0.1 0.1 1 0.999999999578669 1
 1 0.9 0.5 0.8 0.1 0.2 0.3 0.2 0.1 0.5 0 0.04599286553081433 1
 1 0.5 0.1 0.1 0.1 0.2 0.1 0.2 0.1 0.1 1 0.9999998860250939 1
 1 0.5 0.1 0.1 0.1 0.2 0.1 0.2 0.1 0.1 1 0.9999998860250939 1
 1 0.5 0.2 0.1 0.1 0.2 0.1 0.3 0.1 0.1 1 0.9999998027944432 1
 1 0.5 0.1 0.1 0.4 0.2 0.1 0.3 0.1 0.1 1 0.9999993802886354 1
 1 0.1 0.1 0.2 0.1 0.2 0.2 0.4 0.2 0.1 1 0.9999999995464051 1
 1 0.9 0.7 0.7 0.5 0.5 1 0.7 0.8 0.3 0 0.04599247204779099 1
 1 0.6 0.1 0.1 0.1 0.2 0.1 0.2 0.1 0.1 1 0.9999996550139045 1
 1 0.3 1 0.3 1 0.6 1 0.5 0.1 0.4 0 0.04599255150098656 1
 1 0.1 0.1 0.1 0.1 0.2 0.1 0.1 0.1 0.1 1 0.999999999578669 1
 1 0.1 0.4 0.3 1 0.4 1 0.5 0.6 0.1 0 0.04708980610981592 1
 1 0.2 0.1 0.1 0.2 0.3 0.1 0.2 0.1 0.1 1 0.9999999994749607 1
 1 0.4 0.1 0.1 0.1 0.2 0.1 0.2 0.1 0.1 1 0.9999999868630238 1
 1 0.6 0.3 0.2 0.1 0.3 0.4 0.4 0.1 0.1 0 0.9690275654111585 0
 1 0.5 0.1 0.2 0.1 0.2 0.1 0.1 0.1 0.1 1 0.9999998784234664 1
 1 0.7 0.5 0.6 1 0.5 1 0.7 0.9 0.4 0 0.04599247283894699 1
 1 0.6 1 1 1 0.8 1 0.7 1 0.7 0 0.04599247185812187 1
 1 0.5 0.7 1 1 0.5 1 1 1 0.1 0 0.0459925206031282 1


